"10","50","90"
0.43,0.57,0.00
0.28,0.70,0.20
0.19,0.74,0.07
0.14,0.74,0.12
0.12,0.67,0.21
0.12,0.60,0.28
0.13,0.54,0.33
0.15,0.50,0.35
0.15,0.49,0.36
0.70,0.20,0.10
0.80,0.10,0.10
0.90,0.10,0.00
0.97,0.03,0.00
0.85,0.15,0.00
0.63,0.36,0.01
0.46,0.50,0.04
0.34,0.58,0.08
0.26,0.58,0.16
0.25,0.53,0.22
0.22,0.52,0.26
0.23,0.49,0.28
0.10,0.32,0.58
0.07,0.33,0.60
0.05,0.30,0.65
